80,425,28,60,24,103,7,11,111,10
425,2753,98,210,167,507,29,66,633,53
28,98,9,3,9,19,0,2,26,0
60,210,3,43,15,58,3,3,48,1
24,167,9,15,16,32,3,8,34,4
103,507,19,58,32,160,8,20,132,17
7,29,0,3,3,8,2,2,7,1
11,66,2,3,8,20,2,9,18,2
111,633,26,48,34,132,7,18,192,13
10,53,0,1,4,17,1,2,13,6

