2.35, 1.75, 1.04, 1.25, 0.83, 1.78, 0.37, 0.44, 1.31, 0.43
1.75, 6.09, 0.42, 0.82, 0.70, 1.90, 0.13, 0.28, 2.15, 0.23
1.04, 0.42, 0.45, 0.07, 0.41, 0.37, 0.00, 0.11, 0.33, 0.00
1.25, 0.82, 0.07, 0.69, 0.35, 0.81, 0.09, 0.08, 0.48, 0.03
0.83, 0.70, 0.41, 0.35, 0.67, 0.60, 0.21, 0.40, 0.43, 0.22
1.78, 1.90, 0.37, 0.81, 0.60, 1.95, 0.19, 0.41, 1.21, 0.36
0.37, 0.13, 0.00, 0.09, 0.21, 0.19, 0.50, 0.20, 0.10, 0.13
0.44, 0.28, 0.11, 0.08, 0.40, 0.41, 0.20, 0.56, 0.24, 0.14
1.31, 2.15, 0.33, 0.48, 0.43, 1.21, 0.10, 0.24, 1.41, 0.18
0.43, 0.23, 0.00, 0.03, 0.22, 0.36, 0.13, 0.14, 0.18, 0.50
